https://destinytracker.com/destiny-2/db/items/2408405461?perks=2874284214,839105230,1561002382,247725512,1015611457,4248210736,984527513,150943602
https://destinytracker.com/destiny-2/db/items/4248569242?perks=918679156,3250034553,791862061,1523832109,469285294,4248210736,2788909693,1590375903
https://destinytracker.com/destiny-2/db/items/2990047042?perks=3468089894,1840239774,106909392,1556840489,1546637391,4248210736,3228611386,1590375901
https://destinytracker.com/destiny-2/db/items/2990047042?perks=3468089894,1840239774,106909392,1523832109,469285294,4248210736,3228611386,1590375901
https://destinytracker.com/destiny-2/db/items/3616586446?perks=918679156,3250034553,791862061,3300816228,1546637391,4248210736,2323986101,518224750
https://destinytracker.com/destiny-2/db/items/2582755344?perks=1019291327,839105230,1561002382,2387244414,1546637391,2815102888,2323986101,150943605
https://destinytracker.com/destiny-2/db/items/4037745684?perks=918679156,3250034553,791862061,3300816228,3523296417,4248210736,2788909693,150943605
https://destinytracker.com/destiny-2/db/items/4037745684?perks=918679156,3250034553,791862061,1556840489,4049631843,4248210736,2788909693,150943605
https://destinytracker.com/destiny-2/db/items/654370424?perks=1294026524,3250034553,4134353779,47981717,1015611457,4248210736,941997506,1590375897
https://destinytracker.com/destiny-2/db/items/3799980700?perks=1019291327,839105230,106909392,1168162263,1015611457,4248210736,3228611386,150943602
https://destinytracker.com/destiny-2/db/items/3799980700?perks=1019291327,839105230,106909392,2387244414,3038247973,4248210736,3228611386,150943602
https://destinytracker.com/destiny-2/db/items/3799980700?perks=1019291327,839105230,4134353779,3425386926,47981717,4248210736,3228611386,150943602
https://destinytracker.com/destiny-2/db/items/2714022207?perks=2057203855,839105230,1687452232,588594999,2213355989,4248210736,2323986101,150943602
https://destinytracker.com/destiny-2/db/items/2742838700?perks=2757685314,1926090091,4134353779,47981717,3425386926,3906243543,666440382,758092021,0,2302094943
https://destinytracker.com/destiny-2/db/items/3037520408?perks=1322370662,3250034553,3142289711,2010801679,2458213969,3205869473,2788909693,4283235136,0,2285418970
https://destinytracker.com/destiny-2/db/items/1197486957?perks=3449390870,1482024992,3142289711,3436462433,460017080,4248210736,4091000557,1590375896
https://destinytracker.com/destiny-2/db/items/1946491241?perks=474269988,3525010810,3032599245,3300816228,706527188,4248210736,2323986101,4105787909
